-16 0 -6 18 -14 -9 19 -8 -14 11 -1 -13 -3 0 17 0 15 3 
12 10 1 -8 6 0 -3 -3 14 0 0 -10 3 10 3 -12 -12 -5 
-7 -18 -2 -18 10 -14 -18 7 -7 15 0 -13 -16 14 -4 -13 5 -17 
-3 -16 -17 2 -18 -6 11 -12 -12 18 6 -8 -3 2 -5 7 7 6 
7 -4 -2 -14 5 -8 3 17 -2 -13 -18 6 -19 16 9 14 -15 -5 
10 -14 18 4 0 16 -18 19 -16 -4 -3 13 15 13 7 -11 -10 -16 
19 -3 -17 -5 0 15 14 -4 -13 14 -17 3 17 17 -12 -17 9 15 
3 -13 -17 11 -1 1 -17 6 -14 15 8 12 -10 -3 13 18 -19 11 
12 -12 2 -19 1 17 7 -12 9 -7 -5 2 1 6 -4 1 -11 -2 
-19 -4 19 -13 -10 -14 1 2 -5 8 17 -11 3 10 9 0 13 -14 
-2 -12 4 -4 0 -15 -4 -16 -1 15 -3 2 17 5 -11 -15 -10 6 
-6 3 10 4 13 19 11 2 -19 18 19 19 15 16 14 12 17 -18 
14 5 -6 -6 -11 -3 14 -19 6 -8 5 -19 10 11 -8 19 -8 6 
-14 -16 -2 16 13 -13 -6 -5 9 2 0 0 -7 -15 0 13 -6 12 
1 8 16 -18 -19 -18 -11 1 -6 -12 -4 0 13 -11 -15 12 4 15 
-6 7 0 -7 19 -7 1 -11 -11 14 9 -16 1 -17 0 -10 -9 -5 
7 5 12 -4 -4 2 -10 12 7 9 8 -18 3 0 -9 -14 -9 -15 
-3 6 6 -16 9 9 1 -9 -8 -10 7 16 7 17 -13 1 -4 0 
0 -8 -9 10 -19 -11 18 -11 -16 5 -1 4 8 6 -17 -15 -15 3 

-4 -6 4 15 4 11 17 8 -19 -8 3 12 -13 -2 -3 -17 10 3 
6 0 -8 -2 -7 -7 -8 -18 13 -3 -18 0 -2 0 -5 -10 5 -13 
13 -10 -11 -4 16 2 -5 -9 -11 -8 10 18 8 -19 -3 19 -13 13 
-11 -15 -4 -9 2 -16 3 11 -8 14 -1 2 -18 -5 14 -15 0 17 
19 5 -9 7 9 -10 19 -6 18 9 13 -8 -5 -17 18 -9 12 -11 
-7 18 1 -5 -13 -6 -11 19 -2 -4 -15 -4 -7 -2 11 13 -5 6 
-11 11 -15 15 -17 -3 -6 -18 12 -6 -11 10 -15 4 18 10 5 14 
3 19 9 -11 -1 -1 -15 4 8 0 2 19 6 2 -16 -4 -11 4 
-17 19 17 15 0 3 -18 8 0 4 -9 -2 -8 -9 -2 3 0 -2 
7 -14 -1 -11 -12 3 7 3 -11 -6 -4 -10 0 7 -19 10 19 -17 
-1 -4 8 -18 -12 -16 18 -2 17 -10 -9 9 -10 7 3 15 -13 10 
19 -1 -13 -14 19 6 12 -17 -17 2 -6 2 -17 -6 8 17 0 -11 
8 -17 -18 0 -4 -16 16 -5 -3 -17 -16 -4 -4 5 3 -10 -18 -3 
-6 0 0 -16 -19 12 -1 -15 -16 6 -4 9 -12 19 10 19 -5 19 
-12 -7 0 -17 -12 11 -4 -1 1 -17 1 -7 -3 11 2 18 -9 17 
0 3 8 13 4 -13 8 -14 -11 4 -12 -6 -18 -9 -14 -9 -14 19 
11 -10 2 4 6 -11 -12 15 3 -11 -11 0 4 4 19 16 0 -18 
2 -5 -5 -10 4 -5 -12 -8 -14 12 -15 0 5 -16 14 -12 1 18 
7 -19 18 19 -17 -17 12 -1 -3 13 1 9 8 -13 -4 -19 11 14 

-7 4 17 -8 -8 -1 15 3 8 
-12 -6 18 8 13 0 -2 5 4 
4 4 -13 15 3 17 -3 -1 -7 
-12 -13 7 -5 -5 0 5 -1 -1 
10 7 19 18 -6 -3 -14 12 5 
6 -13 -13 -1 2 -4 -1 -11 1 
-5 -4 2 8 -7 8 13 15 6 
-12 3 5 -9 15 8 -3 -19 -17 
-19 -9 18 -11 4 10 19 13 0 
-2 -18 13 17 3 16 -9 -10 14 
1 -12 4 0 -16 18 12 17 2 
0 19 -16 -16 14 -16 -7 -7 -15 
-13 -19 -8 -9 13 -15 0 -15 0 
18 0 -15 14 -6 -5 16 -8 -11 
8 2 -10 17 13 -2 19 14 -13 
-1 -7 12 -13 -14 0 -10 9 -3 
2 -1 -9 5 -16 0 -4 -1 -1 
15 -6 -7 14 -16 -14 14 -3 16 
-11 -13 -12 0 -7 7 7 -14 -3 

